7222
1812
5140
1177
11000
9835
881
2392
6602
6124
9053
5121
4433
7650
8709
4661
10049
6144
7310
3854
2796
7664
447
7277
4858
427
1124
9919
282
6034
7955
999
8612
4737
8413
5861
5181
6680
5698
1000
10300
2625
6761
9838
1931
7347
1657
7535
7406
10426
3828
6346
3149
10901
1128
6162
6817
9718
4511
1267
5612
9766
3654
1493
5155
5533
2130
6916
3161
1313
1153
4720
5906
3107
10689
7145
6264
4670
5867
7524
10573
6084
6396
10272
6597
10239
1403
417
277
9281
6434
727
4961
7051
6681
3400
3665
9230
4164
4365
7798
92
8746
7203
6169
4527
7066
5166
708
345
4506
906
3799
1429
3211
4583
73
1246
1027
9720
2465
1966
9063
8348
2491
10136
2514
9897
7352
6222
9313
1439
7453
2986
7563
5802
850
8859
7350
7761
8857
10221
4875
4202
9985
10656
8497
5137
5983
9469
2219
7346
9425
9085
1009
7307
1437
8721
2857
9381
4050
2197
644
6880
974
3279
5724
9960
8595
10823
4120
4272
3330
5218
10930
9601
1895
7741
3272
4444
5340
3815
7690
10551
7272
2971
2579
5359
352
7396
8428
7498
2516
7394
125
2164
4299
1731
244
5082
1497
834
4838
6356
8940
4912
8906
3821
10099
3055
311
8282
335
3602
3347
10377
3253
7521
5126
4121
10284
7107
9587
7040
5860
7246
10715
2350
1990
7715
2125
1683
587
6208
106
2635
6542
3499
5778
9330
7899
4393
4130
7731
828
8376
3036
8659
4264
9640
4321
2728
815
860
1531
6088
8168
4866
6838
448
3579
5616
5314
388
2070
5178
3457
7245
2455
10628
6545
6605
4454
9805
8478
10543
4443
3556
5267
3952
201
343
8
6503
5952
10490
1797
7004
507
937
2987
5227
1392
6386
3026
2589
3761
398
2182
1314
9617
9855
10932
8143
3393
4064
3940
6379
1106
3037
10777
8614
7933
2301
8005
2157
3756
434
6539
7197
8917
3422
8161
1995
4509
4970
2179
9118
1569
8278
3672
1465
1898
6014
10445
816
9296
8480
1121
1098
2978
10862
313
2099
4903
10013
8301
10489
9166
1421
3042
10237
1982
3942
5336
5093
907
9675
392
7616
3525
6387
10855
10783
7293
7593
6498
4348
627
9592
10449
4530
5444
7259
5010
6025
3538
8310
276
1925
128
1855
9549
4578
2255
8947
492
8849
7983
1365
9795
3417
8761
5449
65
7858
230
14
4154
8925
8447
2181
5042
1107
1663
4721
10218
1259
10873
5869
581
7158
2223
10177
4538
7533
2736
10068
5641
2779
10204
7850
2765
1474
9437
546
2340
1736
5044
2812
7287
6290
8240
7142
135
4465
3103
1335
3614
10608
7160
8986
3885
1538
8253
2056
4981
2512
1950
1136
9212
3124
142
4283
633
5260
9484
4881
6194
10571
6759
7783
3786
5339
2204
9446
4779
5217
589
9507
4408
6490
6255
831
9754
2250
3722
47
6889
579
5629
1853
2874
10459
4702
4223
4104
3354
9163
835
5355
1248
4385
3964
5290
8559
691
10900
3293
6943
4947
5981
9433
4636
1294
10372
8568
10397
5508
4589
5129
7059
4751
4657
7030
6324
4355
6176
3022
8882
2897
4666
10217
8985
4407
6160
6533
1884
6830
2258
9081
7913
4055
9395
5132
7206
6536
9737
7147
9269
1484
9265
9785
10591
8908
10690
6165
6900
7675
5123
9684
6064
8521
7780
720
9071
9422
7446
8484
6103
10809
9390
4171
4795
9135
4119
4582
8350
8079
187
10246
4591
1543
9416
8442
6540
10468
10255
7527
2370
6657
6584
526
6925
4813
10053
9793
5781
1398
10871
8699
2682
3412
10956
7194
4163
10817
616
10352
3633
7164
959
1458
5031
6478
9432
10066
1893
6235
8235
790
3231
8070
5902
3991
5293
3570
3088
7294
5440
3643
10354
1878
9397
10529
7689
306
7434
7012
636
5238
9667
5385
3716
10629
441
9779
7750
1184
7865
8842
8577
146
9901
9061
4700
5585
5149
8609
1969
728
3098
3957
10939
1752
55
758
7345
6467
8599
5592
10044
10057
3655
5646
10763
2920
1582
5441
10151
4771
6305
9041
3550
6067
10328
2723
379
1574
9045
5905
9767
2621
10794
10633
7018
2949
6214
423
5479
10854
9957
8191
4692
1280
4707
3384
5030
8610
5077
5613
8386
5539
8129
6316
4554
2474
9724
7513
629
4928
9321
8155
1564
1167
7431
1788
2683
10167
4910
9072
10876
7668
234
3128
7896
8565
788
4593
6813
8458
7298
7882
2935
9392
303
245
2379
2992
2658
10500
3072
1881
225
837
202
8540
731
355
2014
2597
4301
4604
2669
3188
203
7776
4227
3775
2577
1638
3651
6781
8519
1129
7911
6714
766
1189
8691
5659
6800
4177
4854
6744
7779
2855
9815
5476
10281
8481
4062
2799
5338
10983
4051
9541
1401
7881
381
9874
1186
5806
3776
9872
2781
4819
2151
2807
10916
8636
2499
5564
6353
298
8460
4111
5945
5235
8438
7670
4954
9843
5994
10453
3958
204
3357
8403
8349
4983
10028
8952
3367
3318
7630
10092
10977
8276
5060
6253
7432
8209
1305
1114
296
9062
9428
1393
4919
3488
8272
8536
6069
621
7166
7433
391
4542
10648
4309
10868
3720
4846
6523
6416
8586
9353
10384
9473
1350
4723
4580
2666
9294
10503
2884
2844
814
4943
7288
9091
9348
5643
9726
9116
10990
4337
1094
7653
7140
10316
4528
5400
6065
2930
1257
6998
6026
866
10130
6476
4031
8743
1705
6153
9837
5618
3160
4964
10269
7719
2472
3193
8776
3721
8812
21
7910
5195
10616
1096
8705
7238
1018
10840
3117
9079
5820
8533
121
9980
8401
570
9727
264
10144
2344
4222
820
6320
9910
4208
2644
10729
1279
5671
4745
5773
1363
1960
4469
7680
10532
5101
6041
1247
3307
2504
8333
9586
1388
5170
3993
6586
6151
2138
8248
6518
1076
9522
7404
9887
721
2748
4297
7937
75
4887
172
3054
10436
9656
240
10781
3254
951
1382
3949
5932
9803
3014
193
3340
5519
1754
9438
3607
7610
6754
7725
1042
10243
7168
8983
8790
3387
126
2214
4616
10289
8185
5809
9412
488
5764
3696
5248
3401
8936
7617
5579
7579
5702
8226
1226
8869
1536
7202
231
678
9193
698
4118
4170
8347
8567
9840
2624
6607
5032
4143
5393
5292
7309
4782
9850
4986
1209
3067
10432
5926
9747
3809
8204
8311
6202
7412
5462
812
2507
4139
5154
1891
690
7384
5460
3977
6583
7501
2996
8556
2050
10797
10765
5619
1748
7603
7113
3436
3397
9494
852
5012
7679
4360
10813
8359
7641
3094
9491
1830
3888
2294
6172
2878
7748
114
8257
2427
6345
7601
2983
10830
3998
5168
342
7011
4276
5404
4472
2702
932
8872
1306
2830
6239
3073
7808
8337
7623
5392
8589
9770
6719
2131
8415
3932
2139
3742
9964
9968
10245
5471
817
2442
2994
9717
9201
4564
10562
1986
1890
6682
7385
6437
10502
631
3028
9513
2452
4128
3564
10828
4728
2316
7822
7377
10305
5432
6516
2235
194
8655
9581
8292
7363
10590
3431
8056
6741
8753
377
10229
6314
7838
7480
6745
8607
1863
5803
3091
2498
3476
10643
1116
8065
8179
1534
6588
5849
1521
10753
10062
5351
1370
7204
10907
2495
2202
6750
10055
3082
292
1078
1914
6696
3695
7299
243
4845
6535
3908
198
7252
2984
7508
453
1099
6932
24
1661
9185
5330
8489
3120
5589
8051
374
9478
10917
3577
3502
5604
1193
1432
948
5899
1250
5039
2695
8250
7611
5583
6464
6274
6380
3773
6267
4409
7183
2759
5874
10850
3011
6180
2689
5705
5499
765
3163
3085
3386
10673
9538
9365
7543
4482
8822
10937
519
3007
1820
772
3827
6
3523
10776
7695
8498
9152
6867
9950
8171
792
8329
2096
7403
7427
8784
3697
9842
3688
1912
10631
9568
8048
1529
6312
1014
6047
1581
10808
6561
5214
4679
10319
4290
5588
5072
300
6659
5319
5759
894
8803
10364
7982
5668
1046
1263
7008
10429
4816
3482
4615
286
3101
8782
4029
8722
1146
5587
5505
10026
1749
1579
10786
1134
8074
6839
10727
3898
8860
1858
1857
6917
6061
10898
6444
3890
2735
8747
5247
2035
7985
518
1500
4784
5241
2783
6228
1851
6261
7509
7830
10032
1369
8032
8106
9075
9498
3339
7399
4627
8212
5328
6427
10738
7990
3359
622
8296
7131
3707
8418
5721
6770
9730
6181
491
10592
10000
2105
7230
5333
4874
5159
8744
6648
4453
2364
8884
5286
1825
9500
5028
7484
9705
7102
6797
3021
7538
2075
1377
10897
324
955
7814
9251
2584
662
10469
8210
6910
9853
4799
3109
2040
3670
3382
3409
6350
1926
7723
2970
9914
5854
9121
10476
9728
6018
7223
9839
2432
9551
6574
3470
8394
4132
4190
2862
7305
6020
5720
2113
8731
4260
10954
6595
10796
1022
5157
3944
10810
5672
9626
8850
2018
5973
1407
561
6475
6881
1921
5445
7945
1738
6082
1562
10410
5897
4308
2095
2174
902
7043
9736
4793
3637
9569
8399
10725
10666
2650
8954
3896
5491
5914
857
3411
1655
6636
3557
2363
3105
325
6291
7699
1011
10556
9613
5996
4592
8845
6122
8364
10920
3822
573
6738
9113
2835
2642
1178
5379
3235
10103
6958
4734
5230
4843
10138
6868
5915
5334
7970
3023
9337
10681
5972
682
8633
31
4598
4561
9010
10696
9639
7033
8542
6023
3413
2925
6488
3882
36
5666
10815
3481
5515
6200
1998
6975
10208
7984
10756
6452
556
7444
9044
7507
2077
10801
1220
3620
3581
2530
10457
8525
7862
4268
3317
4423
9896
9913
9987
7044
10141
8244
7962
2023
4770
4181
4545
10446
2981
1716
4400
5542
6294
3415
3206
10166
6736
8170
6710
4886
3907
1412
1424
8944
756
1702
10004
7285
4011
7021
396
5939
1555
3220
10998
2698
5347
9098
3130
4114
4417
2487
6861
7474
10413
408
8723
3883
5162
5521
8839
7374
6212
8574
8875
10008
5180
1218
1773
8247
3503
6898
4427
2306
5078
3565
8024
963
7456
8591
9650
6772
10477
3916
10845
7724
7198
4436
8432
10011
6487
10344
7129
10378
10287
8328
5563
5933
7840
1301
9074
7225
10866
9854
9239
1843
4683
6808
10164
7227
8040
7325
5770
5744
4975
5776
8579
6027
7174
4803
4729
9890
6247
6234
6525
3983
9429
543
4493
9173
5934
6909
6843
10540
7243
2820
9808
880
2376
4889
4273
4267
8561
7879
2456
1967
2864
7665
6329
9482
2942
656
8097
5271
2905
7328
3204
3629
9949
6058
8031
813
7389
8352
2868
6343
5995
7764
5245
8408
6403
5259
7669
2587
1957
7922
9539
7758
3640
7139
5295
10595
6740
637
1780
7997
8548
2724
1875
6805
6879
9784
1968
2591
10285
8035
6428
10612
395
2461
1972
8402
9973
2354
6878
1798
9133
6420
10312
8972
9822
5216
7592
8661
7471
8356
3889
10594
2318
10521
10498
3341
10542
4357
3995
4230
1450
1946
1512
502
1100
1060
4485
4537
10582
4533
2497
2877
4274
7818
1104
9926
2711
9070
3917
3125
8945
2404
4056
8892
5791
1535
7037
6921
4037
8077
1537
4618
7181
32
1061
5713
4183
7807
4088
4156
6955
1558
8817
4550
10718
7332
10024
9475
3232
1255
8942
6885
6852
805
2692
9107
1658
2260
2962
8076
4521
8319
1446
8207
4144
7056
310
4662
2701
2228
7968
4611
3186
301
3044
4724
1453
6622
8616
2961
648
1979
2508
7901
7152
1597
8125
8138
7153
1036
8517
10852
4546
6685
8980
6113
1087
2080
6204
1171
7939
4266
3349
1282
8794
7313
8868
3097
1594
650
6325
2084
1751
2531
4101
10641
9645
1492
9388
1523
2605
4193
5061
1643
779
9324
2339
1032
5573
9597
3294
3147
6599
3713
10569
10723
1947
9346
5095
1206
3172
7512
5190
2522
1454
3430
5537
2147
1034
669
6683
6123
9148
1774
3844
9069
10072
10524
1827
5251
2637
9560
8572
944
5035
1296
1632
6789
521
9873
8507
2553
3133
9292
6858
10544
9765
1052
1010
7301
2007
8843
9870
4880
8710
2454
6223
1132
376
2739
8116
7743
2990
10942
8238
2780
6050
5731
3368
4697
923
6143
9979
2590
9377
1987
9206
9457
1557
8230
252
2104
7010
5219
8922
2247
9776
1180
1469
1072
6000
2365
8322
3323
9127
4442
10111
1373
1818
2725
4590
8208
6128
10275
4902
5402
6564
5481
10976
9354
10195
2252
4341
1532
184
8920
2554
6814
4391
3714
1528
2015
3418
5868
10192
7591
10838
6001
7266
87
8959
105
1869
3050
7891
3975
5966
1704
10895
5311
2719
1249
3689
4043
7875
6184
4577
6507
6466
10775
2110
8767
1805
9007
5886
1670
7135
4556
403
10496
4146
4547
10339
10257
6706
412
1576
4424
1759
1623
4279
173
6630
8405
6430
3701
3543
4824
5017
3808
3498
8728
206
3840
3181
6966
8895
5296
1792
6699
3853
6145
7534
6691
4401
1441
4629
6179
5184
3859
7700
9221
9575
6520
10639
5686
10242
9012
6052
613
6794
6938
3289
1055
8223
2043
8877
10978
1102
100
9802
6721
6996
10694
3239
2575
4988
10887
7620
4328
6352
6777
10699
2875
4286
763
2366
4079
4847
3246
10251
3136
3685
3941
7499
5664
304
8934
320
9093
5117
10171
7491
2237
4080
7728
7979
1808
1475
7666
10668
3812
5823
6157
7989
3353
4823
1292
3587
371
5814
3369
2238
7167
1001
3069
4229
6146
4363
10104
5567
5457
6028
2024
2194
8006
281
9732
6558
9614
740
1088
960
1272
4102
2631
1176
3336
1194
3039
9130
5423
10812
5851
9628
2749
6369
3647
3759
3131
429
10622
896
5368
4063
671
5828
4766
3750
936
5417
9117
101
6666
9774
3533
294
10225
3142
4431
8115
3611
2038
9162
2351
10889
8140
3506
6526
915
5289
9819
383
2282
555
5661
3252
7180
2681
4006
10353
7224
2547
279
4314
307
363
7943
2762
7854
7898
2092
5107
3445
2607
6112
1654
1665
7751
4930
4785
7466
7707
323
3914
2548
165
3718
6390
3048
8752
7757
6256
8468
9692
8870
3299
10178
8650
4677
496
7888
4631
3948
3148
9247
4833
5372
10036
2633
8030
7127
1288
9621
2270
5873
2823
6730
9450
360
7766
2746
1385
5448
8624
4112
7063
7089
3465
4566
446
7956
5817
8754
6835
3095
3588
1438
2601
1355
1079
9445
4953
5742
522
643
134
4477
4257
1252
3303
7738
2641
4234
380
10172
891
6874
8764
8188
1813
4244
2948
2960
147
6279
2496
7806
8318
9828
9903
1823
6995
4345
8675
10154
8729
4206
6694
78
2712
9697
3178
3065
8346
925
3346
632
2938
760
10826
6354
2569
6048
754
7938
3976
1578
8806
6496
8821
10095
5881
43
2598
7099
8096
3119
2142
4412
10821
4287
1258
458
6982
566
9308
2485
2061
5435
10566
9689
7228
1804
6537
8102
5531
5520
404
4924
5663
9065
2500
4288
1744
3936
8824
10695
10441
8990
421
1874
7445
10390
6640
5862
3639
8095
5186
1244
3901
4985
3056
6896
8958
5513
10506
10350
8377
1293
4828
7400
4759
810
4353
1615
5930
4884
8685
10520
7709
7964
5978
6178
8416
1381
5387
10190
9603
4763
2612
9100
1799
4071
1039
6301
9883
4498
6066
6976
4760
9649
424
3362
4867
3833
3973
3332
7691
4075
5707
3270
5124
8419
2345
6378
2573
8515
464
3450
773
2074
3035
5593
9809
10655
6309
7330
2041
611
5111
7960
8962
4289
15
5681
4896
8101
4868
9351
910
8053
3156
5493
8833
1722
8613
1877
9054
4282
5472
2277
854
2520
9986
4332
3234
6126
2660
9472
6347
3090
9382
6877
7454
10460
7068
2413
2146
4167
10893
1978
6342
10527
2846
9536
5018
387
3324
9844
107
3005
35
2221
8217
4559
1983
2254
8273
505
6755
1080
9037
4456
6974
7047
3760
9442
8874
6708
8259
672
5013
9659
7811
6726
259
4374
7172
179
5041
6095
6237
8813
1170
10824
9519
10605
7936
2464
2391
3745
7218
10992
8271
5965
4925
5049
6811
747
9918
4435
4066
6087
7677
6269
5960
1367
1554
10209
158
8851
9609
1352
8021
2505
6684
777
6690
8953
7996
1984
10955
4501
615
7253
8020
3126
6591
4035
497
7687
8454
6443
9976
4390
4467
269
4158
5033
5357
8126
386
6940
6780
542
592
5665
4689
5999
7778
4330
2901
3595
6367
1932
10291
9773
2145
9385
8627
1656
9781
6060
3218
7087
3730
8863
7337
8436
7905
1612
686
6629
5074
1945
436
791
4836
6167
2663
7254
4159
8338
822
6919
3912
610
3560
7688
3789
4430
7296
10336
6455
3020
9991
9140
5239
7768
4525
6435
2559
8927
2283
2428
6408
3100
7721
1927
10421
3183
9583
3374
5656
5544
7827
9555
30
10433
4882
7726
6646
2939
2824
1442
2114
5254
8551
4651
8514
2107
10585
5790
7221
7857
10859
5143
7416
7321
1826
6815
9311
2133
875
10981
1476
5380
3992
986
7338
9289
3489
10236
10961
9245
8277
10456
569
7998
10118
3338
994
8385
5036
10241
5475
3900
786
9293
8501
85
2445
4870
6950
3532
5405
3174
4648
7886
205
8504
18
7963
9615
9307
4089
5557
9246
95
4350
8902
2013
1338
7915
4473
4940
9160
10113
6709
8014
5203
7360
668
8015
5164
5327
2882
1086
7629
6912
4271
3512
10870
10767
4939
3123
9679
8640
10250
7555
7055
1351
3972
8679
5506
1422
1433
1606
10264
5104
7561
2988
2407
9792
5760
1781
9668
10905
3071
1410
3619
10918
10798
6407
6911
6816
9735
602
4675
4660
5957
5425
4224
8317
856
9836
9618
9847
167
5255
5701
2797
3740
499
10621
7782
6514
4906
1253
2434
7000
10216
3410
7104
9622
8509
2286
10107
5381
74
3826
9711
987
7660
8132
10792
4503
7232
5277
3531
1344
3151
5864
3806
5826
4209
4076
2323
4639
10619
7735
4440
2937
10483
5986
7481
4135
9893
5469
858
10947
7388
10865
10450
750
4897
3300
10630
327
9048
3561
5451
7290
7552
2086
9644
8372
3852
7619
5502
1499
48
23
10126
6724
2534
7052
2800
2679
6187
7157
5073
7199
2588
6662
6106
8180
4069
2821
9878
10223
3328
1325
4420
212
7637
1130
5640
7111
1063
3402
5144
354
6615
6930
10165
8605
4490
1364
9145
4480
2888
10680
9305
3790
10128
7120
7628
4568
2152
1181
9548
10600
5648
10846
4326
9092
3198
3855
4249
5683
8604
626
5687
3834
369
6613
4905
6158
6071
7625
2378
8001
1784
5645
4790
115
315
9627
5463
3778
638
4157
10805
9641
8865
6230
1179
7520
2654
9215
8233
5225
3319
5660
6907
6083
1514
9576
585
2186
2540
4733
10191
3769
692
10002
6793
529
4654
2900
7356
1274
8587
9191
5194
6245
4298
1150
5183
5523
4214
1860
10231
3648
9531
6093
5089
7545
6986
7069
6987
186
3437
7308
89
7177
4026
1917
10464
2581
8067
5739
4834
6004
3480
3281
4197
3249
8811
3544
10745
6672
9095
9624
1572
7765
4438
8213
5913
7085
2910
3849
3978
10318
4468
8914
4153
1016
7414
10906
3201
4074
5853
4775
2778
470
8619
7261
7732
338
5283
6183
229
3366
5450
5145
9131
10051
8665
9577
4358
5278
10515
364
8219
8995
10617
8066
367
9642
722
1285
7537
5141
5840
291
2906
4835
2468
5486
3979
2639
9005
2233
2917
10554
5456
1223
6099
863
1949
3501
7789
8196
4425
5768
2676
2066
6782
7654
2094
3086
998
5805
4333
988
7522
3831
5307
10528
6515
6511
6398
1457
4383
3589
2896
249
4231
9369
5403
670
9807
6803
10563
2207
2190
6276
10807
5984
10101
3955
7409
8038
10315
4931
900
3678
3282
7080
6712
6544
7097
5211
5229
3999
2700
9877
9178
9885
8499
926
7005
2488
6216
2568
10658
3967
6601
7614
7421
5594
8059
8662
2399
7256
3344
1119
9218
8657
909
4674
4495
7159
7316
4201
10197
4049
4711
5384
4895
1320
5439
9547
5556
7067
2245
5197
10215
8715
6551
9497
4901
261
4664
4000
9818
8203
4620
520
2382
1649
4735
9011
2087
119
1455
10965
801
946
10651
2805
973
2281
3547
6410
9440
10325
4255
6512
10646
804
10731
2051
8054
2710
2175
4500
6621
1937
571
5634
9208
5369
524
10526
3965
8598
7799
9168
4549
1391
485
3687
5163
6693
10074
5810
10110
5816
10077
1604
8837
4307
8141
609
8088
5706
3969
2941
9772
3311
4362
5653
8012
8476
7604
6469
3582
7810
1126
7645
7590
8951
10420
10743
1054
10326
3333
3846
3590
5109
1245
4565
6125
10843
7036
7678
8335
4127
6676
4716
1694
5919
466
46
5844
3255
7694
4606
1159
10924
5114
7602
2342
8046
2887
4460
1318
5777
9310
1224
6963
3449
6211
7762
10788
2718
3737
7359
3847
3302
10996
6439
930
1772
9280
10001
2493
7341
6575
2154
10883
9701
8700
6651
3845
5085
6530
1842
3925
1235
601
5741
1635
10442
5103
1779
52
1308
501
9748
5929
10280
8162
753
4877
10043
8166
9917
1861
6869
3310
5971
3116
1791
6844
7375
2161
7701
3155
3077
5234
10340
5875
9268
10579
8182
9620
1090
5179
5794
3492
7897
4852
39
8100
10494
7727
8989
6349
399
88
2479
4879
4708
4265
3127
3539
5749
9224
4839
4605
3645
2991
45
2109
4306
10606
5714
5332
4439
3755
8303
5421
9999
10632
2220
1867
5014
7834
5120
1064
1240
2953
4310
1161
685
10064
393
5940
2618
1069
8029
3486
7114
6287
8134
218
5150
8971
5446
10636
8600
6070
6037
10904
9345
9060
7682
4786
5069
10833
2049
3064
2239
10555
6870
5363
6059
9136
2643
7526
5288
9312
2766
1237
4040
8387
10598
8471
781
5709
8262
2630
9125
4529
3554
9929
6372
2012
10033
2308
2443
1071
3034
8437
10327
6509
3015
5782
1730
6154
5050
10654
8073
10960
9454
10471
7083
461
6426
9589
4502
10047
9514
4642
9789
6668
5201
1329
6552
10249
8603
10988
10853
7961
4340
2525
10597
3928
9334
4240
8280
7369
8554
7492
1848
7583
9214
4322
2060
2703
10851
3931
1451
7536
4160
802
4213
9228
2571
8186
4520
3884
7477
10674
3166
10227
6388
8689
1948
768
5872
843
2031
2160
8916
6323
3869
7566
4373
322
4023
4277
7062
6364
680
180
9868
2290
10508
1408
10650
7119
9967
2871
1743
4302
1395
5855
9393
351
3217
91
4184
10704
2224
10059
3398
6550
10121
1163
3176
8441
6227
8241
8766
8216
8429
8998
1356
8900
3018
5094
5753
8423
6997
3795
6821
1699
912
8409
6224
5522
5064
5374
2436
5694
1228
3604
10922
5106
3439
2288
5740
7318
2690
5300
273
514
9989
5169
7493
9110
5516
2667
5843
7125
7568
6166
7784
10041
2754
9725
8844
5264
7640
8366
8864
6248
5942
762
883
4522
6447
6590
4574
6497
9856
3926
8002
10394
3541
7186
2008
9304
9347
1549
5841
347
3980
9666
5569
1328
9965
9788
5029
8087
8905
3
3305
5602
639
4039
2691
5174
1651
2594
886
1630
8164
3092
7263
8530
9643
4581
7684
8955
10304
1041
4999
2899
2813
10773
8367
4059
918
8461
9487
504
1631
3530
1899
5553
785
333
2249
784
4250
6265
2885
4336
6111
8590
4915
5465
8022
2532
6806
8044
9722
10173
8306
9608
5987
117
2974
6548
9003
2478
8174
3787
6822
3664
6934
5600
6409
2881
1144
10943
170
8300
4645
10884
7026
10552
7455
9200
3814
10186
6285
27
236
3945
8369
7973
1268
9143
10894
4386
1962
3358
6371
10207
10117
2276
3622
2045
2262
2649
6022
608
7150
8050
4294
2610
1598
7890
1770
10740
8594
6102
1942
10108
10782
1050
7207
9001
6979
7417
3427
4612
10474
1634
4216
5636
6650
6164
222
9817
2665
370
7744
9017
4822
6007
10419
1435
10279
6344
6576
4150
5769
2189
7824
612
2441
7737
9731
7156
3909
7450
8772
10467
7390
9746
7622
3858
5793
8903
6751
6888
5877
8629
10153
7755
3592
993
9411
9749
4432
2334
6654
7154
9849
10175
2550
4462
1002
4922
9812
3837
8417
1624
10936
9073
8107
4280
3378
7746
10728
433
9263
6623
8261
7612
5113
3747
4194
7589
700
9579
4380
7386
10266
10539
9154
9055
5545
8336
4551
7007
5118
3442
9590
9376
2446
10212
489
290
6957
5284
1733
6275
6747
549
1882
8342
1182
9443
3137
3680
4246
6627
8910
4840
10576
1238
5222
1839
10023
2387
743
2390
6096
3803
5726
1706
1873
2761
7848
2523
4324
2163
6864
215
8805
90
2398
3194
6397
5257
8108
7076
362
3989
9954
5022
3388
3380
8130
3337
5789
3580
239
157
8424
6671
9623
4860
10670
1312
10404
10950
5268
2003
2889
6786
736
1684
4579
3702
1035
8888
1605
10842
7136
3893
961
10232
9364
4891
10596
2201
3540
9969
4136
2646
6749
2305
10438
5607
8304
2770
3575
5958
9361
7953
9043
5727
5171
6632
5530
1829
10975
8602
8701
3613
9558
7326
7873
8552
6611
7994
8268
4567
3510
10802
2730
7367
942
4968
8036
1330
8759
9951
8597
10149
1832
344
2964
8314
7756
6962
5896
2243
3096
9119
7572
6115
9833
8449
10572
1103
9175
3269
5581
9080
8406
5458
166
3771
6054
9024
10314
515
6163
4558
10875
2503
7001
5598
4284
2032
6433
9157
8195
9674
61
1254
10478
10780
8305
4727
9430
3504
7235
9599
5893
10170
10645
9453
10511
9888
5361
3666
10713
6474
2527
6649
9894
1854
2280
7693
9775
6692
3104
899
9637
7282
3668
9975
4599
8632
4474
10148
8973
9716
3447
130
4680
6081
7907
5231
996
8663
3288
7472
8531
10182
9451
5559
9729
57
3990
9956
6827
9988
10530
462
1516
10708
5000
10052
1755
882
2526
6569
1816
8541
2585
8555
9421
2129
5480
10042
4384
545
3616
3016
9186
6438
917
10393
5931
990
10274
5750
8708
5761
5608
10396
10161
8078
7809
6776
8229
5509
5344
4479
10465
1975
1954
8949
6567
8711
1462
6311
4755
4186
3355
8879
10537
5649
8964
1750
694
9229
10462
7600
2943
6100
10091
5903
348
10335
7151
8275
3228
4796
3365
4270
5638
129
4078
967
3874
6887
7141
7304
6884
9571
3514
7923
10519
6105
10784
1118
9288
10779
9977
4569
1341
332
3068
1936
7836
9028
7234
5320
9882
2489
4647
6886
1725
5034
658
10607
5632
3135
6119
9943
6051
4109
111
9338
4573
4869
8933
1162
3963
102
9990
7335
3781
1756
6468
7510
124
7303
798
7708
10347
3824
3851
3461
6250
10081
1766
8703
7599
162
7576
3379
9350
2854
649
2672
3599
68
4535
10665
3892
8621
2422
2886
7605
9662
4827
10009
6191
9591
8697
195
8646
1045
8948
657
1297
5637
10762
4850
1346
10100
5657
7944
1447
10908
1188
9420
7847
4815
3435
4990
6446
5652
9959
1741
8965
877
9946
10899
6258
3266
8003
1563
8334
2264
977
8641
8672
9682
2756
2430
454
7698
6332
593
577
846
10857
7123
10735
6543
4586
9340
5489
4354
8503
6280
8946
10818
1147
1057
6072
557
10085
4110
2541
9408
6482
3886
8724
4009
2786
6120
4714
725
3429
2020
2509
4791
5232
8858
1120
3959
9153
3463
9126
5976
7519
3752
438
4107
10759
10803
2529
9325
3241
7582
10902
794
5577
8898
4949
5774
4695
1423
1671
934
5835
3788
6461
1375
4789
8581
8482
2418
2843
8457
2261
415
8658
7100
2626
3574
1357
7452
2005
5324
1225
10184
563
10581
738
4637
4140
4028
1394
10816
1322
1856
7488
1477
8289
4706
5908
2381
554
8826
10914
3245
10078
1687
6973
9691
3296
1005
9794
4237
6502
5831
10785
3520
947
2595
9349
7932
8465
6131
4817
1690
1349
7608
9786
10234
2473
5997
3008
455
5206
8355
803
6895
148
1940
7986
4609
7027
2336
3568
9254
949
1933
3663
4019
5733
3146
7842
5056
767
10473
953
796
5605
10038
5684
9742
1552
9715
10292
9356
3911
4621
9322
575
6142
7250
3585
6395
4958
5979
1939
4372
661
2149
1187
1541
7703
6903
10210
5274
1551
1031
9596
318
4900
5527
2134
1592
2785
378
1764
2206
8152
8893
1845
1692
6209
705
10910
9283
9864
8200
7473
6494
3913
10194
6845
3484
5780
6104
3180
8518
1390
1411
8120
1059
1821
3684
7594
6768
4327
3297
2244
3478
2582
6965
2331
2410
5647
4688
3483
476
1464
9898
7549
7624
2257
7596
9859
5901
3635
819
10891
9225
6531
8960
2397
4540
223
8550
5928
1083
7426
9570
855
5786
9927
3567
1021
732
9396
730
3693
5528
4730
8183
9713
3298
5547
5953
8818
6988
8089
7460
191
1270
8270
4406
872
3727
5461
71
7065
4783
1227
7357
10525
1123
1232
7315
2371
9876
3083
4095
4320
9490
2982
1542
4058
7786
10331
8147
1762
226
2623
2348
10357
3868
5346
8016
9532
4653
4972
2400
1396
7438
3792
8284
688
5839
4715
9020
3326
6954
4122
4676
1472
9499
1456
9329
3584
8692
3001
4293
5063
3705
6513
6664
6913
1697
8967
3406
4236
1149
2187
2118
8082
5436
10224
7302
6268
2727
5695
3902
8331
2674
1404
8516
2647
7567
7515
5837
8671
789
112
3783
6231
5294
9231
6399
9198
8825
2947
1419
3343
4448
7554
9804
889
3603
979
9423
3052
2912
3825
4093
8154
9909
7032
6226
6792
4980
580
10431
6614
6030
10105
7711
8829
5532
1763
4517
4608
718
7486
5880
2614
4552
2143
3673
10847
2205
7903
2904
3996
6549
1964
7906
3597
7050
3247
4937
2510
1583
7041
4343
6578
8795
1809
341
9996
523
7023
10909
1108
9690
5758
9452
2782
10995
10425
9704
1550
4572
422
4740
1414
1269
10288
1560
4082
5349
1958
2236
3895
544
6779
3669
8751
4553
6833
9474
10984
9719
4073
4166
5467
238
2684
1380
9600
1976
9646
3860
6423
7084
821
1024
874
9272
10652
5510
5890
1589
7322
2709
2490
8312
4344
10214
9424
3219
3215
9899
5492
2081
4992
5005
3017
2071
4950
6079
1991
6847
10109
895
4956
5167
5708
7176
9573
3243
6091
1111
8538
3019
7081
5571
7562
356
3360
472
8991
5582
246
4304
6826
237
6499
8028
9077
9
10979
9631
6391
723
1844
6210
4106
2425
9108
3424
5815
3383
9233
1264
8052
3242
9414
8433
3708
4976
5105
5846
10825
3049
8560
9696
2338
9567
7837
2302
9550
1241
10928
533
6784
1473
8563
3700
302
7843
10903
2694
7031
1436
10298
9506
764
7941
9945
6135
8956
3057
5252
7425
2333
271
8395
9015
4862
1941
7951
1650
7060
8490
7683
9542
1622
7788
9326
8232
3043
10402
2010
4524
911
5804
9921
4758
10135
60
5399
769
437
8580
5202
8500
5935
4646
7987
1952
10351
3816
864
2033
5048
3628
4396
2715
6783
10228
1675
7801
3524
8325
6840
8931
4317
2272
8299
9031
8524
5305
5429
10090
4338
3173
8103
22
7870
10290
7829
487
5765
8999
3956
734
4487
7442
4505
8615
847
9515
10663
8045
8529
842
53
4352
6802
10332
8321
2329
2818
8788
8128
5697
10391
177
9179
992
2419
1449
9373
7948
7849
3059
9824
939
3153
5635
4848
5678
6292
4890
9629
3545
4015
10157
10969
8930
4909
5279
3662
5246
7329
490
110
9495
131
3184
6121
958
1496
3733
6901
5366
809
254
6449
9635
8266
9134
9139
4513
7269
5016
9158
5358
5422
9790
2217
3661
4030
19
7090
7029
8575
10687
2966
5098
4855
9902
2274
168
3238
8831
1143
8288
5504
10860
3994
7072
1971
86
840
5128
9056
683
2062
710
160
1425
2067
4764
6653
8000
724
811
3623
7209
5570
4113
1371
2652
6457
10256
9128
8992
2580
295
4844
2653
5224
7274
2706
719
7713
182
2292
10837
1326
3237
3256
3527
10578
4712
2954
8791
5894
9886
8117
10927
7957
10991
5551
6856
10369
7815
8769
10079
5568
1607
9050
7408
8466
3493
10885
6618
1613
9068
2353
4382
2622
6141
2913
2327
4013
4519
8558
10686
2380
9209
8464
9096
1125
614
701
6577
10880
6758
8717
4638
9243
4070
9761
1154
9695
452
5146
8596
3863
7966
1443
1897
2377
3224
7458
1923
903
10087
4366
10712
6554
10516
5879
1286
9261
3906
1669
5253
8832
1092
9000
9290
10495
9677
1586
2332
8315
9556
3780
6612
9371
4818
8673
8324
9509
2816
5335
6985
10867
5242
4225
1724
9181
7192
4853
4027
1920
9698
10302
10395
1459
9634
6374
9481
1307
5801
4347
8371
9436
7116
4857
517
3617
6201
8656
2462
9485
7074
2137
405
5871
9235
5730
8978
2100
5798
7769
6655
3566
199
10832
1527
9588
8009
5376
10362
7086
6883
8285
8694
5099
6284
2384
4984
4713
9332
6625
2543
1513
9934
1204
10565
10094
3471
4894
9952
5285
6707
10872
1444
4212
2801
2394
539
9456
2420
4486
3915
7835
2169
2402
5389
10370
7770
3772
192
943
7429
7022
1837
9687
7101
5416
7405
5723
4701
3448
4483
10599
10869
340
8797
3250
3571
132
6236
2678
1916
8341
8674
3190
7376
9636
6003
1524
4945
10730
9370
8291
6413
1575
6922
7797
10067
7244
7402
4410
5617
823
3711
8255
4192
7574
10705
3968
4788
463
1645
9827
1540
5484
3466
1504
7188
3033
3779
7470
3894
8058
1208
10558
5799
8055
9161
9439
7828
3953
8617
382
746
1409
8092
4405
1767
8110
1889
10088
9602
8159
1174
6928
1726
10827
5280
4849
2861
4220
5177
4375
1865
10688
3030
4459
10720
56
2549
2159
6848
1379
9301
1847
8148
9336
10479
2560
716
10561
10050
9462
10123
4316
8738
4885
7489
8725
10811
4053
4659
3683
1281
6036
1659
299
10926
3078
4097
6791
9378
8736
10183
4987
5415
6393
7382
9032
1361
1617
10693
5310
5576
1095
7749
7094
4969
9971
4207
10122
8735
945
9192
8487
4241
2757
9331
6085
8702
1347
9399
4152
4370
2744
10997
2320
2632
4005
3051
7704
5518
4285
2693
5948
9889
8251
540
4086
4305
2297
1795
755
5910
5127
4832
2967
8512
6148
6017
8190
9810
3675
5512
1614
4709
9253
6031
7336
5895
5430
6013
6215
2168
5878
7273
4625
2036
10061
6522
7991
7015
9259
6220
4965
2940
5679
4291
328
6021
2349
4072
10951
2304
10678
5609
5737
7539
9410
1887
3966
3214
1908
868
4957
8122
6804
5918
9625
6860
5447
3240
10265
6579
10277
1359
6946
4704
1618
4466
4948
2048
4936
5228
5923
4504
2140
752
3813
1113
2335
2615
8443
1230
10030
5596
952
4437
3505
1648
7215
10048
3535
4398
893
7372
1141
3741
7419
1384
3686
4959
7635
1260
5743
510
8340
2767
10557
7503
5321
7349
278
5865
2895
4690
5199
10536
9652
8667
1040
1992
2985
4275
7331
2188
10604
6086
4628
5736
7017
10726
5398
6968
82
9352
10874
4048
8177
8017
8184
267
6373
2832
6573
10376
3725
1771
6240
2303
7364
326
13
2918
2998
4865
10844
8474
4452
6771
9046
9925
9151
8763
8228
6837
1502
280
3710
3075
9155
8362
908
6219
8160
5119
154
2792
1157
3469
7736
7646
8909
5221
3301
8007
3334
1197
10518
3139
8618
8098
3627
1735
3363
4256
4966
7580
5272
9501
10461
2433
5316
5102
7370
5610
6485
4942
6810
4792
336
10659
8733
7106
1236
3739
6568
3236
6132
10102
8706
385
7785
7297
1915
7038
6596
7130
6108
3553
2173
9172
4318
6465
1901
7092
3918
3650
1127
7306
10359
1085
9255
4663
1783
1068
4428
2722
2293
2969
7844
3170
6980
702
4085
5992
9299
1591
5827
1862
2470
196
5859
3516
3601
6620
5674
652
5891
1935
3141
5819
8214
8198
2006
8410
69
7190
8631
10768
4045
5615
4640
7972
6310
6260
4131
4415
7734
4263
2324
1479
6872
216
1679
3350
329
4488
6385
4856
6570
7213
2908
10071
5136
3012
8279
7162
1196
4129
5985
4228
9006
5525
1745
6718
4757
96
1636
81
2798
3805
7831
10501
6107
9025
5639
3162
5466
2326
4762
8169
6339
10146
10200
7054
9141
3704
6299
10664
536
6560
2836
2685
2393
6486
4575
5937
7894
4323
1602
4281
8834
6456
1510
1339
8142
6506
1135
8414
1215
7868
5989
4859
7730
1173
9008
4800
2768
6592
1996
717
58
6480
531
8239
181
8173
1202
1319
9169
4744
1590
9105
9892
334
6918
4371
5857
9992
3608
1251
4644
5845
4584
1070
6404
8876
8445
10455
4536
6873
3491
6534
2936
4991
6451
4411
1383
2790
5388
9562
2123
1175
10240
1482
527
2620
10896
9528
3377
7468
11
4630
1871
9086
7485
1148
5298
9518
8678
1397
4768
10080
3084
2289
8827
1511
9942
6197
9391
5173
3835
10624
1956
4669
9328
2111
5419
1924
8422
9267
3732
6094
3768
5053
10147
7812
7609
5097
3591
7846
4141
10097
1907
7289
6538
7126
10346
9156
3225
10408
10139
293
6796
4470
10613
1321
7122
10129
1304
2804
9673
551
9552
8593
8249
4451
7573
594
1905
6656
8234
5115
5431
8862
7607
1017
4614
4698
10615
1711
10538
9688
3935
3699
2869
1091
5062
3875
8146
2787
5699
6993
99
6705
2731
8111
8112
8094
7914
2603
2680
2958
4269
6281
1406
10297
9920
5535
965
7105
1838
6289
4418
2751
8543
5775
9944
3434
10487
5353
1494
2166
9033
266
6971
439
5323
6923
10510
2546
5951
8351
1483
1944
2825
7395
8873
2758
10657
3842
66
5787
247
642
1133
6318
508
6445
358
10069
1689
5924
5597
7570
10082
5682
9830
9995
5887
6149
635
9466
7659
10311
6317
4563
4199
2300
6195
7767
8756
6171
10492
1065
10248
3563
5052
6572
1619
10375
5433
6875
10560
8105
742
3276
8757
2180
1522
4825
1817
5625
10160
8025
2047
6952
8049
7671
9598
289
7504
1737
10879
7790
7860
365
5763
9389
3259
1416
84
1051
7988
9205
8269
897
1718
2222
6442
1571
10669
879
8639
9771
2817
1894
6606
1302
6695
8330
5394
1721
8666
1317
7365
189
9115
5690
2975
8326
4008
2044
10270
200
7216
7169
9512
5318
6297
6798
4092
3988
3712
3010
1824
6038
1859
5546
5658
7334
4497
2001
8511
3062
7553
748
6159
2776
1660
5572
1836
9159
6463
7039
9922
4189
8215
6834
4617
2791
3168
5703
1013
9403
4098
2677
9758
8264
1037
7073
4178
9059
1768
8508
4977
2814
1310
3509
5967
4623
1389
6778
7482
703
7550
9908
2119
9164
2574
7647
8427
5262
10925
8648
1695
136
9858
830
8383
5524
272
5808
647
10435
8622
4982
10037
5586
9285
2360
5223
7264
7300
6945
5785
2997
1166
3679
1075
929
8969
10677
6729
2506
6589
2314
5352
1400
10286
3004
6459
7516
1835
9316
3309
2494
9879
2893
7952
4837
9962
4368
1539
2826
7800
5256
2406
1904
8779
9088
5885
4681
5752
473
6853
8181
2538
512
1082
6894
6370
8192
10247
7791
726
6243
5719
7506
7792
1977
2106
6731
6029
7457
4622
8732
5977
10941
5391
8172
9174
5237
3522
711
1418
1213
3899
9099
6904
10345
3425
9710
7995
1903
2192
7028
3076
4946
8573
6725
4296
8950
2845
2688
2809
67
8712
4292
7435
7165
2242
9360
4960
6306
9040
3559
799
5138
2934
2241
4911
2279
5483
349
1222
6117
9379
2849
3881
10029
10338
2156
9463
9616
9702
9534
7179
6610
3284
10313
4878
9895
578
10046
2268
9905
2325
10155
4038
6448
2873
2699
10098
8392
8637
2929
6949
3962
2383
94
4624
4780
4602
1498
8792
1300
3951
10938
3573
7541
10307
7771
4594
1198
8256
5729
2421
176
8935
10982
677
884
5040
5383
10957
3197
8033
8308
7497
9189
6477
10276
7258
3537
5071
2911
6283
9797
456
6337
4404
98
2840
9993
1544
5543
8569
1647
6775
2357
10661
474
9146
4962
4864
3031
7463
5213
72
7929
7672
3080
6628
5373
5011
1156
8243
1828
3873
7992
10944
5008
8814
4033
4741
9862
8749
8576
8941
8750
2273
3738
10974
7530
3058
4705
8796
9540
9972
1345
9468
44
359
3793
7342
10839
6277
5474
4774
2141
1332
5898
4570
5026
4802
6643
4955
5182
6073
3610
10795
4434
6999
6652
1033
10760
4739
4242
1819
375
2863
4017
8720
4820
9038
4826
7278
9777
6557
10386
4641
5541
2195
6598
3919
9678
4203
1980
9368
2019
9665
1566
7496
7663
3399
7528
10915
407
6743
1794
9465
2057
143
2388
9087
3796
7895
4361
541
5584
10971
2477
8450
4811
7118
3464
7487
7774
8151
2211
188
6322
4325
9123
7117
9820
10409
6846
211
10635
9195
10985
1495
9132
2362
4516
42
9234
10886
5084
7940
174
3392
1664
3473
2458
10463
8411
3070
2136
8861
2128
4576
5624
9190
10203
3982
9216
6246
7878
10262
5304
227
4187
3167
2686
1746
6405
6481
9983
4523
8896
5096
6360
6008
2435
6270
1686
10145
8880
10056
693
7343
3777
1468
2355
6617
8137
623
7909
761
564
4872
3794
6351
10564
7078
6823
2850
5087
7314
1800
6964
9572
5620
10732
2079
9019
7319
5692
8904
1015
6414
7639
954
1880
5276
9291
8686
7864
8923
9654
7128
2511
1074
2230
1553
3455
2312
1485
10993
7577
5907
2558
319
5920
3140
1753
6842
9194
9102
1299
9880
10766
4221
1283
2955
7025
1243
1682
4995
7872
77
935
7268
6563
2367
10577
2256
4367
3857
10921
6641
5006
9419
6327
10929
6961
7587
8136
2444
4830
5408
97
9545
7685
1526
5628
4544
2085
2358
7904
6259
3558
8463
4691
4196
6931
5019
9699
9653
2423
4210
4652
10789
8696
2091
3586
4124
2537
4180
9405
4994
10341
10877
8937
4722
3819
5833
5207
9104
7874
9557
2608
1117
5552
6431
2
795
5325
6825
4149
6831
4829
3658
7465
4278
3407
3342
10258
6326
4397
1445
6056
3203
1460
1200
4379
4025
5196
3423
2284
7859
2484
2687
6233
6972
9051
3494
8630
5414
4557
6638
6418
2463
2570
1084
9813
2467
8820
10320
10181
6118
4334
7927
513
2544
250
4173
1681
1561
1577
9295
4938
4489
1680
10014
2448
10020
957
6566
9165
5453
6739
8886
10548
6161
10676
7210
8977
8099
123
4861
1142
1508
1814
3924
3929
10716
7381
9284
10176
10115
10383
9366
1374
10547
6748
8495
368
5220
3644
1652
5147
940
3657
4020
2053
1556
6587
10799
10380
5191
9300
1953
2310
2965
7633
8194
7265
3726
2240
2716
1758
10863
493
500
7132
2972
141
6175
1639
2533
3371
9187
3933
8440
5185
10174
7124
5172
4515
9386
209
4496
54
10447
9458
4185
4952
3736
7861
7075
7557
6927
787
1900
9940
9188
1870
9825
5200
4172
10764
5437
6908
9709
1231
3394
6679
10744
6501
1565
5925
2234
2319
4769
10559
8475
6600
10163
2596
6249
1275
5001
6906
10063
431
8974
905
8684
2266
3182
4057
2760
10770
845
7451
10303
7934
10675
7362
3782
10010
6377
6193
1212
8919
350
6984
2670
4449
5882
4484
9496
901
5788
8968
2150
7793
3441
5927
7649
9327
2775
133
7900
6639
7965
7954
836
10220
2481
3624
127
978
3850
10771
9566
7200
10169
9319
10822
10858
10415
1922
599
3150
1003
861
8109
5611
2513
4003
1886
5382
5065
10778
2480
7925
9222
3287
8430
2101
1685
8063
10504
10758
2267
6039
8237
7714
8043
2828
2321
8375
7042
2259
214
9930
1463
2083
1672
7469
1930
6715
6609
8201
8771
10006
9034
6400
9526
316
5904
2369
1640
7436
2469
5309
3074
5134
10946
8225
509
6732
2842
827
1909
3226
8360
8206
3943
10401
2858
1587
2226
10911
5718
4491
5301
4904
7079
5614
9480
4831
4041
3376
6546
4387
9757
10114
6924
1703
9260
9426
268
1525
3802
5397
9210
5921
5779
445
8425
2405
3213
7712
6473
5755
2429
3485
10296
8404
6053
1668
3981
5088
2819
4115
10970
6138
2437
5411
6078
1595
4687
2177
3152
6019
2651
2860
5428
270
6527
6893
1734
9900
7697
1481
402
10523
9525
2627
7281
1291
2124
3636
6594
6425
10589
6508
9632
1491
6252
1611
695
3390
4138
5959
8274
459
7571
6580
9520
2705
10381
9138
4633
8713
6412
4973
6075
7942
8810
9582
8704
4603
10550
1628
4978
6701
3496
7999
969
2232
2184
4243
634
5356
1673
5413
10015
5688
8564
2956
7880
5751
7856
2831
2870
10416
2713
10934
9030
8060
6735
2592
2459
217
4719
10283
6565
3260
9029
3649
5650
6147
5728
10116
4753
1864
6832
4710
5578
5092
9565
1910
1427
9236
2253
480
3767
4175
3950
9417
6644
308
10588
8027
4671
7662
2501
9409
3209
4403
10412
3818
7920
10626
7889
7947
4635
3515
9961
2815
6462
6432
1440
2042
10820
475
1137
5626
745
8224
4232
4034
8745
4808
797
9002
10507
6454
5122
8799
8546
966
10724
8957
3308
7575
495
4658
3877
5675
10156
7205
6392
2026
7229
1115
5590
5558
4032
741
4084
3551
3275
6174
6296
390
413
6011
3405
6383
5426
4047
1420
9217
8358
7681
5756
9122
10131
10206
5961
8227
7219
7108
8726
10583
9400
8653
8907
4002
5303
3460
4935
9447
6850
1747
2563
7853
10017
4738
1287
5603
1155
9207
3121
7478
2806
8470
9970
5560
416
5291
8343
1896
4907
3897
2545
10437
1376
10757
1256
7392
653
8494
4394
9521
7866
9734
10980
8085
6959
1599
8426
1833
479
5710
5495
1348
8037
2640
985
10972
8714
149
478
10890
1327
5297
919
4933
511
7500
8451
2088
5969
1629
8608
353
3927
3408
7634
3474
4754
4776
5395
6633
3618
5210
7935
3746
10045
7195
3433
6541
1165
2144
1678
2539
783
2993
10692
5691
9067
5342
409
2945
10293
4694
7921
2196
10754
8588
5497
7393
3191
2486
5812
5326
7098
7658
4068
7439
6092
7745
1503
10966
2951
10259
1358
1644
3719
10804
660
183
8069
6944
10935
4226
6677
5623
8057
10888
6206
9344
5116
2519
5889
2475
8883
2093
8062
4303
8265
8483
2148
10703
9559
2492
3291
232
7020
5735
7279
8742
1047
6365
6556
4091
922
8966
3403
7739
10952
3734
3864
2714
1596
9798
582
10070
3229
8921
8178
6882
7980
1929
1004
9799
1025
5341
2103
9595
5043
6991
3348
3372
1354
1633
8928
7578
3743
457
10647
991
5100
5364
7794
9694
169
9511
9016
4649
7320
1053
2285
10086
7978
2389
6942
9714
3122
9242
2837
7410
2729
6645
9014
3041
3811
7969
2451
8801
9791
9250
3013
6049
8807
3552
3248
5836
10660
5133
8642
9769
7344
10684
5595
9604
5792
9471
484
9605
10180
807
9664
6871
5651
9066
70
155
950
7642
2583
1207
9712
4261
9171
9120
10986
10535
8381
2822
4182
7187
7702
6045
3453
7883
793
5580
2246
6818
4668
10774
5258
3458
8080
2946
3283
10679
5427
10005
7959
921
6257
257
6619
4356
5412
553
400
8407
8298
4426
1787
6492
3468
9270
2025
2891
2898
7270
1101
3352
10849
2876
3937
10603
5767
1785
2416
8026
848
241
7540
3797
10021
8222
5955
697
5090
7193
3653
8676
2811
6338
9342
3632
9258
3694
7095
8444
5299
4672
5550
3731
7759
8439
8459
1490
10294
7280
7103
4989
1221
9358
6521
10940
8638
468
7569
384
4007
1892
871
7542
2438
5275
7070
288
862
1337
2185
4445
8469
7816
3264
3762
567
709
7260
3856
10358
138
414
4693
10568
983
2977
10806
825
3462
4147
1677
2000
7924
9035
9703
357
1943
3974
7173
10267
5825
2313
6716
604
3158
1266
1097
6675
2004
9669
4993
7753
3335
8332
9097
10790
5021
10614
7418
1761
1234
10482
3208
10054
3205
10454
10672
6581
7636
10406
330
2248
8979
6411
5680
8719
3598
10202
38
8787
1434
10106
1105
1489
1593
8841
9089
5198
1776
9657
8462
5884
10638
5562
8730
2578
3987
7121
1546
4777
2732
6266
7977
6484
171
9241
9078
6915
1782
8421
9915
10040
8374
10640
4161
253
9978
7559
7775
3984
486
9530
10444
2803
7057
233
1728
156
5549
9745
5503
8398
4235
7705
2037
3903
10060
10317
3292
9483
780
2593
7413
6760
7558
3263
5669
9341
870
9857
3692
5038
1580
7833
4821
7093
9318
9733
6313
6937
3456
3763
9663
904
10073
865
9846
6700
2029
1265
2317
3593
9461
971
4899
6697
2628
8448
7667
5811
4801
10273
2655
2368
8041
197
8804
2668
6043
6753
10545
2613
10422
6188
2412
2810
9248
7411
9721
3454
9997
1796
9309
3199
3690
9933
1028
10567
8539
5265
3735
4455
5941
3843
10012
63
8520
10933
8943
1093
5080
10602
4810
8396
1688
3221
6807
6953
8681
8819
8510
9149
8391
6920
5407
430
1428
1185
9783
9042
4736
4596
10892
10119
10152
2172
10512
8323
1315
1199
5858
6155
3154
4094
2054
5631
10649
3472
2708
1849
7718
8084
6077
10750
5821
419
8644
5151
6218
3443
2772
3659
667
6728
1955
3569
8252
5438
9931
2052
418
3265
606
2827
6262
10143
7449
4512
5968
2852
9681
6278
10084
8670
7902
2176
913
10321
2447
3921
3432
9049
9871
5917
8491
4684
10355
8064
6238
9413
5734
3179
2883
6182
4587
7185
10387
11001
1714
6517
689
2617
10737
3115
4001
2784
6419
1775
2995
10627
10076
10881
10722
5424
1603
2112
4932
3770
3717
5302
8327
411
3766
5046
10697
2664
10719
9811
997
7358
8071
7397
3507
775
10185
9505
1360
6368
641
6717
1192
5273
7479
547
8534
2834
3753
6764
7795
9058
2551
9384
6005
8647
5068
3053
10343
3038
221
7134
1081
6097
7211
3836
5354
628
8687
4319
4914
5
10913
3905
7560
3634
4634
6203
8847
2275
3175
6849
4441
10261
10334
10769
9924
7869
10213
10306
7267
7643
159
3500
4381
8553
9851
9633
6177
7772
190
2046
3542
1834
1866
6763
5876
2231
9227
8131
2611
7
6637
859
5125
5487
7251
1008
5192
7196
10958
2572
4742
8740
6076
3729
3268
6293
10142
2604
6429
3829
2866
5165
2120
4087
839
9881
4016
8938
1273
9144
9211
4081
9076
8286
8231
7387
10481
4888
744
4585
9875
6340
7747
8918
7373
6375
6767
10374
5745
4165
9764
3351
1386
2386
5796
8263
5244
1585
10132
7226
1691
3986
8987
3314
8643
7651
4133
7255
6359
5075
5866
4883
5158
4756
10252
3519
2926
9739
6139
9266
8669
5696
5514
8537
2769
10486
4526
9394
5601
618
4422
10505
676
3089
9516
5807
7461
6757
1242
8307
6593
5949
10134
603
10752
1164
3910
6582
5226
968
4531
4369
5261
3751
4378
9343
7852
5536
4377
8562
583
9488
1044
2999
10356
10671
6555
8695
9111
6892
5470
10367
8808
5490
337
2933
5496
6500
3800
7013
9182
5771
2068
9256
10198
9101
735
2847
10570
3315
4024
6967
560
5621
4718
516
6335
10835
4312
5193
4927
9315
10423
5401
2108
1981
2740
4204
7505
1152
6308
7034
7191
576
5208
4259
3528
4731
3946
4188
6795
6562
7532
562
4359
9928
9544
3526
4036
3356
2771
10031
6941
598
4169
7327
7378
5883
4494
1621
9213
8492
8578
2343
7544
8242
6394
6271
5848
10451
1959
9561
9848
1233
10748
7312
8846
7109
537
9563
3187
3682
8867
1548
3112
10791
5002
1290
6733
10124
10682
5538
7006
1353
9834
1951
8997
558
8157
7863
3364
2299
6727
9607
1999
6254
8431
10268
1169
3820
8885
2833
3102
4151
1112
4682
2183
460
6647
1868
8281
2102
3389
5152
4541
9911
10742
10793
829
1056
6406
5410
7351
4137
5003
5189
2704
9335
1066
10230
7071
4597
10333
2165
6006
8783
7415
6217
6436
7061
2648
6389
5308
7876
2556
10022
2209
10620
5312
4699
878
9863
8584
984
9923
7155
7096
3798
1431
1988
5946
7644
5963
4685
10096
6897
1372
9796
7262
8601
2802
3375
6152
10089
9317
3612
3045
8815
2002
8915
7019
7163
4108
10584
9455
10709
2117
664
3395
3024
6381
4726
9768
7722
109
7855
10967
869
10611
1965
6603
7464
2215
8660
9981
654
8527
1020
6799
8493
10931
673
8755
975
7467
5870
10531
771
5892
3872
9594
3113
3467
10342
450
924
10685
9861
7531
3108
10448
10514
4918
2697
9937
1662
6765
1331
659
9257
10878
962
7805
8455
6273
9744
9320
7631
8081
4215
3286
3444
7918
3322
1938
5757
5642
4934
3691
6524
8535
818
7239
8193
2361
8682
10083
10841
3817
1378
1520
3638
10400
1742
4678
9170
674
1846
4247
3329
7133
7291
3841
8626
3938
625
1973
1961
3594
8397
8855
17
8668
9630
5390
6016
6661
7606
6634
4562
7548
3749
8963
9866
7441
4461
8211
8018
2296
4116
10625
8528
444
9434
10761
2932
1885
5766
1487
2662
6785
1674
10574
7407
1616
5315
6334
8435
10509
8390
1138
5962
6742
4200
2263
7514
6828
6042
1710
6820
440
4364
3848
778
1757
5916
4176
5485
4046
5863
1261
8023
7212
8295
8389
759
7236
9535
8848
6134
3475
9286
2347
7518
9524
7661
8592
1831
3801
6669
1653
3870
442
10025
7220
4920
9680
5540
920
7440
10701
9223
9619
9941
7237
2789
6670
8202
10475
3764
2927
6116
6140
757
5322
2132
559
10856
8472
1026
1415
1201
7720
10733
5627
2439
6421
1769
140
3066
6547
3748
3548
6098
749
10491
8549
2346
2879
235
2867
3517
2536
10348
6242
3087
10187
224
5076
2602
6080
3511
1158
6713
4806
2395
624
7437
8523
263
873
2599
5500
1190
2072
6417
3212
9852
4174
6510
8258
10140
6213
10392
3110
739
3143
7368
5188
144
9778
2424
9273
3244
4126
3421
2216
4429
1729
3331
6328
255
5386
733
103
8623
3438
5633
5434
892
938
964
5112
10193
8768
9523
9124
10196
7459
3583
9427
6221
7064
7353
10373
2307
1334
8878
5047
6616
2524
10329
10019
9219
10923
4543
591
2028
5722
8628
989
3313
6491
1625
2707
6970
1708
782
210
10706
5024
1413
4012
4392
10405
2717
6702
1840
8545
5575
6495
8187
7615
5236
7383
4908
9574
7598
258
10120
506
2696
9869
9841
1723
9398
3862
6787
2097
3459
10368
9932
5754
3200
4916
9865
317
6722
8924
425
2069
3625
8547
3002
2330
8583
10522
4601
3477
7581
5725
10271
6483
3626
7851
93
9606
7716
7729
6363
6809
6978
9183
3838
808
1519
2375
8113
5670
1709
185
3216
8741
161
2764
2453
9129
9953
5004
7247
3093
2115
7144
5704
10497
7048
5762
6331
10254
4548
2440
6173
8727
2409
6063
6926
4198
2135
1140
10948
6711
7014
469
9262
10371
5477
275
6272
9477
6585
3192
2747
1402
8984
995
5970
1276
10710
6790
5947
5007
8473
260
8988
3257
7511
3280
8505
1210
3621
2793
5818
7462
6205
1698
10003
6660
62
5936
2931
6841
2734
1048
3081
8961
339
256
2122
9936
6150
6604
4463
4632
851
8634
2162
5110
6854
10330
7324
6479
1822
37
9708
2924
2829
3652
116
4752
2218
8887
2055
6559
1277
9232
7428
6415
9303
7112
10
2894
4004
4613
9546
1918
8871
5067
5023
6635
5988
5554
8083
4514
10398
9064
10263
2645
3615
1205
5526
5478
9821
6673
3479
5443
3546
6734
122
10829
4481
4251
2352
6330
9916
9196
8677
5420
4703
2153
5689
1777
2957
4805
4313
2922
64
5161
8127
10349
10736
4863
3922
4893
2721
916
2415
6948
4673
1701
8532
4399
2950
10751
8762
9683
9402
6532
7447
898
5270
10702
2657
826
7981
1461
10379
5909
976
8994
7967
12
8502
4492
9831
3785
10700
3562
1559
5175
2090
178
6977
6862
4099
3009
2919
5281
2466
9912
3774
5982
3396
10125
1012
9375
9686
242
10634
6902
5020
9137
3320
4913
8890
933
6859
5337
175
8913
8467
4607
7656
4532
8651
6319
3114
5534
9278
2315
7398
373
8133
2853
2385
535
10945
9564
10546
7803
4963
7091
1448
4892
10016
885
8267
1399
5591
9333
4054
4507
2555
9676
10667
9226
9504
9094
9823
9611
4814
2127
6663
5266
7161
164
10035
1506
9801
1518
3233
2021
8544
6424
104
80
7178
50
651
10973
262
7551
2502
5345
6440
10361
1067
5009
7976
6185
8218
2269
8345
10168
853
7657
4262
6829
2476
5974
9249
3159
5153
4471
297
6723
3667
8635
5058
1216
6989
10162
4499
7422
1676
228
7529
10385
8835
6720
467
8789
6109
7110
5842
1778
4595
9021
2311
3440
4842
10452
6704
2673
8748
118
3513
9503
503
7241
2460
8068
9460
3807
7787
3765
9584
1642
10480
2431
2191
2076
4588
4534
1696
3164
5459
1311
4331
2606
2065
7340
4134
4239
2278
8777
7170
5561
4125
552
1239
9741
6863
7366
3939
3867
5746
3003
1219
1109
5654
9184
4252
5711
5086
5630
4665
2980
707
8150
1007
8175
3040
8707
7249
3555
6129
687
9753
6674
7777
1997
584
4419
10683
1793
8361
9252
5700
10278
7627
8104
640
3791
10953
1928
2774
3630
145
8881
4626
5378
7993
833
10711
5083
9593
7495
10133
1183
3165
6286
6752
9476
6905
8716
5912
10485
8557
2656
9543
10308
3839
5055
8093
2328
10189
10882
1600
7740
9287
3385
3744
9276
645
2566
7931
6857
2016
2726
4967
8176
7912
6009
8039
3047
10244
6553
4342
7053
8344
7242
4295
8970
2557
10919
10755
1486
8135
5362
3111
6528
3258
7773
6110
941
5350
4376
8800
1333
4195
7077
9966
8765
1626
2457
2210
83
7240
7175
389
5142
2552
9114
2944
4807
9585
3222
4944
5418
9109
2082
6936
4238
9199
7295
9274
5454
7564
449
3521
8119
1478
9444
7217
9026
1911
1740
4060
2979
9904
1298
10363
1876
331
4656
5748
287
1480
428
7946
4254
3549
8611
9816
588
6947
7171
7686
284
9203
4148
4123
7517
8854
5850
9867
5317
394
10299
6130
9891
7333
6493
2528
8118
713
7391
7655
8780
888
10403
8260
6631
10324
471
9479
7754
1806
8189
10741
2743
9529
2788
8506
7832
2356
3079
3960
5343
9431
6362
8912
6891
5482
1323
4619
7323
1336
9039
6156
5998
5830
1211
4974
9279
8354
305
10848
5824
3227
8758
10772
8899
706
10609
465
1850
8996
3261
79
6626
8522
9406
7585
6769
7877
1368
8363
867
6422
8453
600
7371
3426
5243
4600
8353
10610
8313
3373
3832
1919
6737
7424
2078
6382
1801
9533
2880
9752
10388
9339
5938
8047
1430
5250
3754
10593
7930
10075
9238
4067
8570
10366
4921
10179
5667
2198
3757
1470
2059
6402
1963
2671
1324
7884
9264
3572
7420
9177
6983
4253
6746
3046
8526
3171
10987
574
6688
8652
10653
6855
59
9800
10517
2733
120
10434
4898
6689
1760
4749
7317
3177
9240
6624
9302
6504
2178
8840
6136
3210
10472
3518
3251
4812
2403
7796
3452
6035
8145
5783
9984
1262
8853
8221
4395
7813
10637
9884
8320
9180
9685
9150
8809
7917
7138
152
6703
2251
1803
8144
838
4508
8010
4414
6836
6519
6890
1316
4346
8891
6133
6055
3361
7035
2227
3416
4416
1507
5371
5813
151
2287
1608
3715
4478
9372
1802
3810
2167
4168
10058
2155
2098
6571
2586
5131
4555
1172
590
4117
5900
10439
5838
699
6851
9489
2636
4022
2909
4941
7928
207
4750
2750
1530
3536
9661
832
6307
3631
3391
2609
7975
9084
7283
6866
7348
8090
9202
6460
4560
1841
5565
6933
8042
6969
4748
8384
8485
9671
2199
213
3195
2411
406
7841
5606
2063
8774
2661
6471
7286
8011
3025
2483
2675
8830
1902
9244
5943
5888
6114
5732
7003
8400
2720
4014
3370
5673
10407
3157
1195
1989
5375
3144
6929
7867
2396
6865
6304
7046
6168
9527
7752
4696
3169
565
2561
8245
3490
7916
9948
8420
10365
4871
9700
2298
7423
890
4746
7016
10717
595
8246
3804
9441
4061
8158
646
2064
2295
432
366
7781
9493
3861
7621
3703
6774
1362
10734
8388
9275
1641
2535
8664
6470
5176
9955
5693
675
29
3202
572
4951
5800
10721
3381
8075
2848
451
927
970
8309
3660
10137
9142
10834
6024
5081
9829
8680
3099
4917
5822
3420
4761
5980
9013
2916
7760
6935
6074
1610
2959
6207
6687
7971
9787
4335
5269
5348
5922
8739
9750
8167
10662
3196
498
6198
5494
6357
9082
10747
9760
7292
550
7949
321
1038
2471
1303
4643
9672
6992
3529
7613
220
3970
2027
2158
3029
4773
483
10201
3063
1620
20
10959
10322
8034
4778
9612
6801
7733
10962
4096
283
16
6336
1452
3891
6698
3609
4457
4797
4798
8139
8121
6994
2271
9277
8793
8889
6288
4
7892
3207
5911
1062
1934
7049
5676
5367
8496
6068
8004
361
8019
4447
8380
10310
6282
7214
435
5847
6012
4402
9004
9306
2921
849
26
2923
5059
3879
9780
9907
9553
1707
5045
9638
3290
4458
4767
9759
3032
3866
525
8856
9723
5187
6196
1340
1739
4010
8149
9176
6192
9459
2517
7821
2229
8197
1214
3495
8802
5548
7802
3295
8982
6956
9197
6914
10309
2989
9860
1145
4142
2968
4747
9935
9740
7556
4021
1077
3878
9009
312
6244
6062
9323
4105
7597
6441
10800
9502
9237
8571
2564
6773
2126
1160
3576
4191
586
5717
3006
1309
7115
9298
5832
1043
6608
3642
4510
8981
1278
1646
1467
3904
3273
9974
6199
10018
10994
4018
774
6899
10513
9359
1019
2515
2976
6990
8901
1058
7476
7817
776
5975
4349
2841
4100
9762
3600
605
7276
8434
6137
7919
8718
1366
841
2408
9362
3497
4571
3414
6057
7143
1970
1110
10739
568
9947
5856
914
2426
2753
5993
10188
5455
4311
6686
3487
7002
6303
10861
10814
2203
2171
150
1719
7354
5370
4667
10323
6170
6453
10295
6358
33
314
3306
8316
8165
3923
7082
3419
8199
5365
3000
10488
9782
8939
10222
3285
1509
8479
8976
663
4233
1533
3677
10549
1471
5057
9220
6376
4155
9057
10698
3132
4205
7673
163
6295
2902
2225
5160
2600
8698
617
2034
5784
8379
4610
6190
1342
10428
6762
7674
2372
3646
2838
3451
10440
5644
6298
2872
7706
3223
10746
3871
2011
7490
2417
4219
6032
5209
5655
8693
8770
7502
2856
4389
1505
10238
4248
5468
9486
7248
9380
10836
8477
2773
1139
9435
10493
3823
5473
7525
76
8393
1029
1717
5488
9693
2892
876
7692
2752
1426
3698
5991
3971
620
2030
6015
1089
6458
8205
5442
10831
9083
219
6302
7845
7626
9167
10534
1715
6384
265
2058
8838
401
10093
8297
1501
6472
6315
4998
1985
10219
10575
10399
1547
5249
8785
1567
4217
665
8606
10642
3267
6960
7826
3605
7632
5054
9660
1295
6225
8866
2738
7184
4804
9374
2521
1284
2794
8798
5240
9147
9826
4876
1888
5079
2359
3930
3865
7149
9023
7893
982
10553
5204
6981
6819
3060
2322
8156
704
4794
6766
5233
10411
6505
6366
9963
5148
3404
10007
9580
3758
10039
5360
7284
10211
7717
10949
1151
4765
532
7676
41
1786
10707
1815
596
2741
5135
3325
6665
6348
6090
3578
8734
10466
10337
4145
4329
7584
1789
6333
4464
1994
1006
6046
10580
3671
1131
1667
6232
4873
5313
7009
10159
4717
7819
2963
2973
8488
8236
6300
7710
7887
2865
25
548
8993
10427
8153
410
7804
2755
9448
3271
5037
2619
251
5662
8582
3061
3723
2089
1023
2208
8775
8293
630
2914
7825
7638
6642
3277
137
7257
8294
8086
5331
4772
2482
482
8690
6667
5747
5282
9610
824
2634
6355
9706
655
3304
8072
7024
770
9994
5852
8412
7823
2742
4781
6529
4218
10864
7958
7565
4245
8365
2401
9982
5215
5396
1217
2450
1568
1765
51
1993
6127
8894
3961
8456
4518
5329
2374
8373
2337
7494
4258
9998
4655
5066
8302
9418
8283
3724
7588
5715
3880
1666
34
3706
477
8091
10417
10150
1049
7595
10112
607
3997
2915
3106
1387
426
8773
10963
5025
9027
538
5406
9090
1872
10533
7839
2659
4315
4475
4787
3641
5566
7448
3145
248
4809
5130
7820
10127
679
1545
2795
5015
10226
534
10282
9314
2629
1727
4388
494
2562
108
7355
208
5108
113
6939
7546
8852
8816
6263
7137
6101
681
1271
6010
2193
8786
4686
3985
8163
5990
9467
6089
10253
8008
1588
2265
5529
5797
931
8013
7652
8370
8486
7182
9464
6189
8382
981
1570
10618
9363
9939
2009
10430
3027
956
10301
8737
4421
2565
7275
8290
4996
1517
9578
8452
2341
4979
8781
5139
9647
7058
7483
2518
139
8683
4841
6756
1732
10360
10819
9755
5964
4446
1637
2414
8836
10499
887
5377
5834
4103
6824
2373
9510
4929
1122
696
1289
7189
10458
5156
2638
7696
1229
1030
4725
9554
4090
8975
8625
1713
980
5409
1790
4044
2737
9355
7380
5795
8124
1488
5452
3920
153
8368
3830
2449
8220
9508
4211
9738
3230
9814
2745
8357
10541
4162
3185
7430
10260
1584
274
8823
7339
972
10964
800
3676
4851
10691
528
9112
346
10714
9756
8513
2291
3934
10443
1810
5511
9648
10414
597
666
6401
9517
9047
6002
715
9651
481
1627
2121
7401
9022
8897
7763
1601
7361
4300
7871
2212
5555
5464
9282
10623
7231
9404
2116
10586
3508
2567
5716
3345
1974
3274
1073
9832
5263
6186
3278
9906
372
10158
10644
10389
3876
5954
3446
8446
714
2022
1609
9743
9707
6040
4351
5950
2928
5712
10787
2073
2890
7974
10587
9036
8585
9415
729
9670
5205
6341
1191
2200
4732
2907
3262
9401
3728
712
1906
8649
9492
3709
5738
2213
7648
2170
9655
2952
9658
1700
9763
4413
1720
806
8760
10205
3134
5956
6033
751
2763
7088
9537
1417
6812
8566
1883
1343
10968
10065
9387
8688
285
8287
6229
6876
9449
5027
7271
7475
28
10470
10484
1168
4997
928
9383
5051
8926
7742
4450
6658
2542
3428
10601
10233
5287
2039
2859
2808
5677
684
1693
8339
10912
5507
8378
7045
8645
420
1466
3321
9271
8828
9470
2309
7233
5574
3534
9103
1913
4042
3118
3784
10989
1573
6251
7950
4065
3129
4971
7148
9845
10034
443
9751
6361
3606
309
4077
6788
2576
5070
6489
7926
1515
8114
1852
40
7146
2839
3954
8778
4923
8911
1811
1405
2851
7443
4179
10027
2777
2017
3312
2903
3947
5498
6951
7208
3674
7618
1879
3887
3327
5212
844
3138
6450
1807
5501
9958
1203
9806
10235
7379
8123
9052
10749
9407
4476
8620
8061
8654
10418
4083
10382
5829
9938
9357
5944
8932
5599
49
9297
9367
7586
5091
3189
3596
6321
7908
6678
8254
8929
1712
6044
4339
7201
3681
4650
3656
5517
7523
4539
7885
9204
10424
2616
5622
3316
6241
737
4052
10199
7547
5306
5772
5685
397
530
9106
4926
619
7311
9018
4743
1
