444
362
763
848
115
177
991
590
979
696
382
811
623
927
809
51
923
881
835
438
761
464
939
126
510
579
710
235
839
442
356
462
147
380
70
153
480
258
375
530
140
388
99
977
261
84
515
905
148
625
238
687
716
593
735
141
648
776
963
183
410
705
458
271
506
484
420
954
576
302
417
681
351
601
988
266
178
39
370
808
680
589
958
876
784
311
518
851
166
514
728
106
497
526
721
870
793
609
516
762
319
383
359
770
385
993
686
973
542
338
191
219
633
821
378
291
860
664
419
474
720
283
669
96
352
119
365
564
899
771
210
189
33
267
392
434
123
709
581
906
912
527
529
655
73
213
605
961
970
583
295
94
97
631
58
23
468
185
409
517
981
872
62
561
402
880
276
922
1
488
314
765
111
331
741
45
297
327
659
322
557
986
617
245
103
466
344
571
640
101
131
935
738
490
755
995
204
67
88
796
43
217
660
667
537
357
207
154
548
701
936
864
804
167
932
92
832
59
535
791
511
288
232
423
404
174
647
79
499
483
78
874
186
940
264
987
277
814
509
227
925
861
432
199
586
332
366
810
585
725
891
573
541
723
930
996
231
789
841
211
843
613
463
525
847
636
312
233
820
371
56
170
757
194
823
650
250
341
949
395
339
855
565
708
150
15
65
637
559
688
683
560
127
556
894
161
807
844
921
313
406
361
638
453
801
944
425
602
305
5
643
479
536
260
964
30
614
854
225
698
426
950
68
635
920
447
307
610
769
172
837
24
176
159
786
714
439
316
877
802
767
401
254
263
666
335
414
71
54
53
369
237
492
975
822
719
275
915
76
718
160
228
422
732
779
132
436
354
603
29
992
966
242
869
321
885
121
455
550
173
952
558
435
299
478
146
569
411
202
472
846
857
656
642
400
852
800
114
372
628
113
682
933
86
567
248
230
1000
788
553
727
914
9
815
665
607
671
619
799
692
967
806
427
608
384
577
819
673
69
301
208
216
300
889
72
298
162
794
955
129
622
418
900
118
726
555
520
547
693
575
279
8
491
679
272
240
773
168
867
374
368
486
135
634
429
203
908
743
215
437
742
931
599
998
259
897
13
122
128
507
440
502
112
917
256
461
50
218
415
697
396
156
243
646
661
882
974
376
663
884
878
334
278
325
255
42
397
399
340
528
448
803
639
994
222
937
782
533
570
394
310
919
284
192
315
249
795
895
759
524
489
918
145
644
262
336
221
862
737
164
120
175
563
833
163
929
286
523
12
825
496
234
239
83
504
143
398
318
139
179
98
44
144
345
473
853
699
694
901
595
108
503
783
169
965
326
960
77
764
651
691
501
953
704
540
32
48
612
596
416
568
539
858
381
445
18
893
155
21
729
408
481
205
831
888
117
430
333
28
545
80
223
840
689
715
627
760
289
4
61
546
294
990
424
26
574
353
551
20
947
508
405
347
485
63
95
190
733
441
711
320
265
630
780
91
748
346
165
554
597
849
598
902
200
6
677
754
768
469
676
482
824
829
330
55
907
903
188
513
451
675
752
349
358
454
274
74
407
124
460
337
959
740
615
649
182
904
668
951
475
531
521
549
868
836
587
364
500
943
896
493
690
707
290
37
273
909
928
2
580
578
798
495
281
280
209
566
296
226
363
428
403
257
969
457
695
241
328
797
293
984
125
452
745
886
130
672
64
956
367
890
471
584
834
47
386
252
308
934
703
962
391
813
866
450
10
856
152
859
379
75
494
606
82
197
632
976
373
538
40
924
838
734
883
684
181
41
736
180
512
594
816
875
102
287
57
377
229
116
826
989
777
66
137
830
562
342
792
505
306
913
390
618
999
138
157
591
34
997
100
941
449
657
285
916
244
785
702
652
658
621
543
713
739
616
629
873
758
27
105
81
850
805
887
470
212
22
487
744
93
942
626
269
304
892
236
387
926
60
498
317
812
303
171
134
982
220
871
46
412
544
654
787
756
641
52
224
350
151
355
592
534
109
443
133
653
433
863
645
750
980
620
678
662
790
746
730
90
624
87
845
247
817
879
251
717
323
329
751
89
724
324
14
604
149
774
142
968
107
722
201
413
253
214
778
522
828
3
136
17
945
38
582
700
104
25
196
282
766
865
467
818
519
1001
911
611
389
552
706
972
193
31
195
910
184
775
898
309
674
431
270
532
983
36
747
749
348
110
421
938
731
685
7
343
978
456
459
158
781
19
35
670
588
292
16
206
971
360
957
246
753
600
572
187
476
712
268
446
842
477
827
11
985
946
198
393
85
772
465
49
